dat <-
structure(list(price = c(2.83, 2.98, 3.19, 3.24, 2.72, 3.06, 
3.43, 2.94, 2.78, 2.69, 3.26, 2.56, 3.31, 2.69, 3.29, 2.86, 2.99, 
3.02, 2.56, 2.83, 2.99, 2.62, 3.25, 2.74, 2.95, 2.94, 3.17, 3.24, 
2.95, 3.11, 3.02, 3.07, 3.25, 2.92, 2.65, 3.21, 3.07, 2.87, 3.18, 
2.89, 2.86, 2.65, 3.33, 3.19, 2.8, 2.99, 2.85, 3.33, 3.28, 2.97, 
3.76, 3.88, 4.2, 4.27, 4.27, 3.8, 4.54, 4.15, 3.99, 3.87, 4.12, 
3.95, 3.71, 3.97, 3.73, 4.06, 4.23, 3.89, 4.12, 3.99, 3.8, 4.12, 
3.73, 4.52, 3.93, 4.14, 4.14, 3.81, 3.92, 4.02, 4.17, 4.23, 4.07, 
3.75, 3.65, 3.93, 3.85, 3.37, 3.98, 4.55, 4.37, 3.61, 4.18, 3.66, 
3.69, 4.16, 4.52, 3.87, 3.89, 4.98, 4.59, 4.88, 5.32, 4.87, 4.88, 
4.97, 5.02, 5.22, 5.12, 4.84, 5.06, 5.23, 5.01, 4.78, 5.38, 4.99, 
4.99, 5.12, 4.88, 4.84, 4.84, 4.71, 5.08, 4.7, 4.97, 4.36, 5.14, 
5.22, 4.91, 4.89, 4.93, 5.47, 5.26, 4.66, 5.02, 4.66, 4.82, 4.71, 
5.04, 5.22, 5.3, 4.95, 4.79, 4.81, 4.79, 5.28, 4.73, 5.68, 6.5, 
5.54, 5.96, 5.76, 5.67, 6.66, 5.66, 5.98, 5.84, 5.8, 6.21, 5.98, 
6.04, 6.16, 6.13, 5.74, 6.26, 5.89, 6, 5.94, 6.09, 6.27, 6.01, 
5.71, 5.81, 6.29, 5.76, 5.75, 5.78, 5.91, 6.24, 5.61, 5.68, 6.59, 
6.24, 6.19, 6.17, 6.17, 6.48, 5.98, 5.94, 5.75, 5.78, 6.37, 6.1, 
5.68, 6.9, 7.11, 7.05, 7.19, 6.88, 6.93, 6.92, 6.63, 6.9, 7.1, 
7.24, 6.66, 6.8, 6.94, 7.01, 6.89, 7.03, 7.24, 6.89, 7.17, 7.16, 
7.07, 6.88, 7.32, 6.91, 7.12, 7.04, 6.85, 7.32, 7.41, 7, 7.11, 
7.15, 6.93, 7.1, 6.96, 6.94, 6.93, 6.68, 6.49, 6.99, 7.01, 6.99, 
7.16, 7.47, 7.07, 8.17, 7.96, 7.65, 8.13, 8.16, 7.97, 8.1, 7.87, 
7.81, 7.85, 8.32, 8.14, 7.93, 8.16, 8.27, 8.19, 7.75, 7.65, 7.99, 
7.74, 8.01, 7.98, 8.38, 7.78, 8.17, 7.97, 8.54, 8.36, 7.94, 8.13, 
8.04, 7.73, 7.71, 8.24, 7.88, 8.21, 7.87, 8.65, 7.81, 8.02, 8.41, 
7.62, 8.03, 8.18, 8.01, 8.97, 8.63, 8.67, 9.28, 8.84, 9.27, 8.86, 
8.98, 8.88, 8.46, 8.93, 8.94, 8.8, 8.59, 9.21, 9.02, 9.07, 9.05, 
8.89, 9.2, 9.04, 8.76, 9.18, 9.11, 9.01, 8.96, 9.2, 9.26, 8.89, 
8.62, 8.73, 9.36, 9, 8.99, 8.83, 8.84, 9.54, 9.26, 8.94, 8.78, 
8.91, 8.89, 8.54, 9.04, 10.01, 10.04, 9.79, 10.35, 9.95, 10.17, 
10.17, 10.1, 9.71, 9.66, 10.06, 10.64, 10.65, 9.99, 9.75, 10.01, 
10.3, 10.08, 10.27, 9.81, 10.07, 9.64, 9.95, 10.22, 9.8, 10.04, 
9.71, 10.24, 10.3, 10.28, 9.97, 9.66, 10.48, 10.46, 9.83, 9.86, 
9.96, 9.72, 10.17, 9.92, 9.78, 9.99, 10.14, 11.35, 11.11, 11.07, 
11.16, 11.25, 11.02, 10.97, 10.96, 10.22, 10.77, 11.17, 10.96, 
10.7, 11.26, 10.73, 10.95, 11.42, 10.57, 10.93, 11.17, 11.1, 
10.97, 10.94, 11.33, 11.08, 11.18, 11.33, 10.84, 11.3, 11.12, 
10.7, 10.92, 10.78, 11.26, 11.16, 11.31, 10.94, 11.07, 11.02, 
11.16, 11.35, 11.05, 12.13, 12.32, 11.55, 12.04, 11.79, 12.28, 
12.25, 11.83, 12.15, 12.38, 12.24, 12.03, 12.4, 12.55, 12.13, 
12.45, 11.99, 11.81, 12.11, 12.05, 12.11, 11.85, 11.9, 12.49, 
12.14, 12.43, 12.54, 11.64, 12.22, 12.01, 12.2, 12.52, 11.76, 
11.6, 11.91, 11.9, 11.73, 11.53, 12.16, 11.99, 11.92, 13.23, 
13.3, 13, 13, 13.02, 13.51, 12.89, 12.99, 13.38, 13.2, 13.17, 
13.19, 12.88, 12.77, 13.2, 13.57, 13.01, 13.18, 12.81, 13.22, 
13.28, 13.02, 12.74, 13, 12.77, 12.94, 12.55, 12.92, 13.05, 12.95, 
12.87, 13.36, 13.32, 12.66, 12.95, 12.82, 12.49, 13.06, 12.84, 
13.3, 13.6, 13.94, 13.98, 13.95, 14.18, 13.81, 14.12, 14.12, 
14.1, 13.69, 13.98, 13.86, 13.79, 13.94, 13.62, 13.79, 14.26, 
13.9, 14.27, 14.21, 13.86, 14.3, 13.77, 14.14, 14.28, 14.08, 
14.16, 13.92, 14.11, 14.04, 14.11, 14.25, 14.19, 14.11, 14.24, 
13.86, 13.87, 14.47, 14.17, 15.17, 15.11, 14.69, 15.24, 15.03, 
14.85, 14.95, 15, 15.24, 15.22, 15.12, 15.04, 15.5, 15.21, 14.92, 
14.51, 15.15, 15.3, 15.33, 15.27, 15.01, 15.6, 14.84, 15.03, 
15.04, 14.96, 15.08, 14.73, 15.05, 15.49, 15.45, 15.13, 15.33, 
15.75, 14.99, 14.83, 15.07, 15.27, 15.55, 15.94, 15.97, 16.06, 
16.29, 16.29, 16.02, 15.58, 16.53, 15.89, 16.13, 16.12, 16.09, 
16.06, 15.73, 15.88, 15.61, 15.61, 16.12, 16.31, 16.42, 15.78, 
16.06, 15.84, 16.23, 15.52, 15.48, 15.4, 15.79, 16.06, 16.2, 
16.16, 15.88, 15.92, 16.34, 16.17, 15.78, 16.78, 16.98, 17.19, 
16.92, 17.59, 16.75, 16.82, 17.43, 17.1, 16.55, 16.97, 17.09, 
16.85, 16.99, 17.02, 16.68, 16.58, 17.45, 16.9, 17, 17.54, 17, 
17.21, 17.23, 17.03, 16.87, 16.87, 17.36, 17.12, 17.43, 17.27, 
17.12, 17.01, 17.37, 16.63, 17.04, 18.38, 17.71, 18.08, 17.87, 
17.62, 17.89, 17.95, 18.31, 17.89, 18.19, 17.94, 18.21, 17.89, 
17.67, 18.08, 17.35, 18.49, 17.67, 17.92, 18.06, 17.98, 18.01, 
17.81, 17.91, 17.98, 18.35, 18, 17.71, 17.72, 17.87, 17.97, 18.05, 
18.04, 17.78, 17.43, 18.91, 18.52, 19.18, 19.04, 19.36, 18.71, 
19.19, 18.86, 18.84, 19.25, 18.58, 19.32, 18.66, 18.92, 19.11, 
19.16, 18.61, 18.94, 19.34, 18.99, 19.04, 18.64, 19, 18.84, 19.07, 
18.97, 19.26, 18.76, 18.57, 19.27, 18.62, 19.42, 18.75, 19.06, 
19.84, 19.97, 20.43, 20.1, 20.16, 20.09, 20.23, 20.01, 20.17, 
20.02, 20.05, 20.23, 19.47, 19.73, 19.84, 19.59, 20.07, 20.32, 
19.91, 19.71, 19.62, 20.15, 20.06, 19.98, 20.03, 19.62, 20.11, 
20.05, 19.89, 20.48, 19.38, 19.68, 20.01, 20.94, 21.19, 21.55, 
20.98, 20.8, 21.25, 21.02, 20.58, 20.51, 20.98, 21.38, 20.78, 
21, 20.9, 21.24, 21.02, 21.22, 20.78, 21.04, 20.58, 21.32, 21.01, 
20.72, 21.08, 20.73, 20.78, 21.67, 21.03, 21.44, 20.79, 21.13, 
20.86, 21.68, 22.13, 21.74, 22.44, 22.29, 21.97, 21.77, 21.67, 
22.01, 21.97, 22.12, 22.02, 21.96, 22.02, 22.15, 22.48, 22.01, 
21.94, 22.28, 21.72, 21.99, 21.89, 22.36, 22.21, 21.73, 21.52, 
21.92, 22.29, 22.08, 22, 22.11, 23.26, 23.36, 23.02, 22.8, 22.75, 
23.09, 23.4, 23.39, 23.27, 22.9, 22.7, 22.29, 23.29, 22.86, 23.48, 
23.36, 23.32, 23.49, 23.16, 23.08, 22.81, 23.01, 22.63, 22.65, 
22.71, 22.85, 22.57, 23.59, 22.93, 23.12, 23.86, 24.01, 23.61, 
24.12, 23.53, 23.66, 24.05, 23.54, 23.86, 23.43, 23.84, 23.83, 
24.47, 23.94, 24, 23.65, 23.94, 23.95, 24.65, 24.06, 23.85, 24.09, 
23.92, 24.23, 24.21, 24.03, 24.14, 24.53, 23.99, 25.1, 24.87, 
25.03, 24.93, 24.53, 24.8, 25.09, 24.93, 25.15, 25.13, 25.22, 
25.14, 25.02, 24.97, 25.01, 24.85, 25.06, 24.85, 24.87, 24.88, 
24.76, 25.01, 24.91, 24.81, 25.37, 24.62, 24.68, 25.26, 26.14, 
26.57, 25.51, 26.11, 26.02, 25.88, 26.23, 26.1, 26.18, 25.82, 
26.04, 25.89, 26.16, 25.77, 26.17, 25.85, 26.03, 26.52, 25.96, 
25.73, 25.68, 25.94, 26.07, 26.51, 25.68, 26.18, 26.14, 27.06, 
27.11, 26.9, 27.28, 27.06, 27.1, 26.94, 26.25, 27.18, 26.46, 
27.17, 27.37, 26.94, 27.28, 27.21, 27.08, 27, 27.1, 26.74, 26.83, 
26.64, 26.47, 27.12, 27.07, 27.35, 26.78, 28.09, 27.5, 28.12, 
28.1, 28.53, 28.38, 28.04, 28.1, 27.95, 27.72, 28.14, 27.87, 
28, 28.16, 28.01, 28.15, 27.89, 27.83, 28.11, 27.79, 28.18, 27.66, 
27.94, 27.87, 27.96, 29.46, 29.11, 28.91, 28.93, 28.84, 28.83, 
29.11, 29.15, 28.93, 28.8, 29.18, 29.09, 28.98, 29.1, 29.02, 
29.03, 29.25, 29.02, 29.07, 29.09, 29.34, 29.13, 29.18, 29.34, 
30.14, 29.75, 30.23, 30.19, 30.18, 30.33, 30.13, 29.71, 29.84, 
30.3, 30.15, 29.63, 30.19, 30.73, 29.95, 29.69, 30.18, 30.26, 
30.02, 30.25, 29.65, 30.23, 30.34, 31.07, 31.03, 31.14, 30.96, 
31.22, 31.15, 30.59, 30.85, 31.06, 31.11, 31.21, 30.72, 31.48, 
30.88, 31.04, 31.25, 31.44, 30.89, 30.93, 30.99, 31.01, 30.95, 
32.25, 32.17, 31.89, 31.74, 31.68, 31.94, 31.92, 32.01, 32.06, 
32.27, 32.3, 31.88, 32.14, 32.18, 32.18, 31.88, 32.06, 31.94, 
32.04, 31.75, 32.37, 32.87, 32.62, 32.94, 32.33, 33.53, 32.84, 
33.21, 32.89, 33.02, 33.19, 32.91, 33.3, 32.9, 32.92, 32.96, 
33.65, 32.74, 33.06, 33.11, 33.2, 34.1, 34.47, 34.01, 34.29, 
33.91, 34.3, 33.58, 33.78, 34.04, 34.36, 34.04, 33.93, 33.68, 
34.31, 34.06, 33.97, 33.4, 34.02, 33.91, 34.65, 35.09, 35.15, 
35.24, 34.81, 34.71, 34.96, 35.27, 35.26, 34.82, 35.05, 35.31, 
35.12, 34.98, 34.71, 35.11, 35.14, 35, 35.38, 36.3, 36.16, 35.86, 
36.29, 36, 35.97, 36.54, 35.99, 36.16, 36.34, 35.85, 35.67, 35.98, 
35.9, 35.95, 35.62, 37.13, 36.91, 37.11, 36.97, 37.29, 36.93, 
36.97, 37.13, 37.01, 36.9, 37.19, 36.92, 37.19, 36.68, 36.93, 
36.99, 38.23, 37.67, 38.1, 38.17, 38.25, 38.12, 38.1, 38.4, 37.89, 
37.8, 37.42, 37.74, 37.98, 37.84, 37.81, 39.46, 39.06, 38.48, 
38.81, 38.84, 38.64, 39.08, 39.02, 39.08, 39.31, 38.35, 39.03, 
